3.546380000000000088e-01 2.855690000000000138e-03 1.655469999999999923e-04
3.655499999999999861e-01 2.990249999999999853e-03 1.974059999999999866e-04
3.764620000000000188e-01 3.458370000000000107e-03 2.063559999999999874e-04
3.873739999999999961e-01 3.856469999999999863e-03 2.061409999999999903e-04
3.982859999999999734e-01 3.665400000000000082e-03 2.074370000000000131e-04
4.091980000000000062e-01 3.553859999999999832e-03 2.122340000000000012e-04
4.201099999999999834e-01 3.740569999999999919e-03 2.007230000000000093e-04
4.310220000000000162e-01 4.420499999999999950e-03 2.656840000000000265e-04
4.419339999999999935e-01 4.868179999999999730e-03 3.276689999999999963e-04
4.528460000000000263e-01 5.217839999999999631e-03 2.374250000000000113e-04
4.637569999999999748e-01 5.296600000000000266e-03 3.093819999999999730e-04
4.746690000000000076e-01 4.997040000000000336e-03 2.729559999999999799e-04
4.855809999999999849e-01 5.115879999999999733e-03 2.592650000000000054e-04
4.964930000000000176e-01 5.177189999999999917e-03 2.963740000000000189e-04
5.074049999999999949e-01 4.652810000000000279e-03 2.720630000000000140e-04
5.183170000000000277e-01 4.268899999999999952e-03 2.376749999999999902e-04
5.292289999999999495e-01 3.938249999999999910e-03 2.555799999999999890e-04
5.401409999999999823e-01 3.902269999999999784e-03 2.542700000000000168e-04
5.510530000000000150e-01 3.683740000000000018e-03 2.111910000000000046e-04
5.619650000000000478e-01 3.177800000000000156e-03 1.563910000000000007e-04
5.728769999999999696e-01 2.780219999999999914e-03 1.446610000000000029e-04
5.837890000000000024e-01 2.661349999999999827e-03 1.653679999999999929e-04
5.947010000000000352e-01 2.458230000000000050e-03 1.218550000000000048e-04
6.056129999999999569e-01 2.047240000000000084e-03 9.419859999999999627e-05
6.165249999999999897e-01 1.868850000000000025e-03 1.045790000000000028e-04
6.274370000000000225e-01 2.116970000000000136e-03 1.115990000000000000e-04
6.383480000000000265e-01 2.723220000000000154e-03 1.354150000000000037e-04
6.492599999999999483e-01 3.673979999999999867e-03 2.384610000000000061e-04
6.601719999999999811e-01 4.618839999999999925e-03 3.247859999999999766e-04
6.710840000000000138e-01 4.752400000000000374e-03 2.947119999999999796e-04
6.819960000000000466e-01 4.014310000000000100e-03 2.324039999999999927e-04
6.929079999999999684e-01 2.770900000000000186e-03 1.837280000000000000e-04
7.038200000000000012e-01 1.808689999999999951e-03 1.044620000000000037e-04
7.147320000000000340e-01 1.406169999999999989e-03 7.786000000000000332e-05
7.256439999999999557e-01 1.350129999999999950e-03 8.496040000000000059e-05
7.365559999999999885e-01 1.334820000000000017e-03 8.036630000000000336e-05
7.474680000000000213e-01 1.428809999999999976e-03 7.284439999999999665e-05
7.583800000000000541e-01 1.452539999999999994e-03 8.871989999999999738e-05
7.692919999999999758e-01 1.535630000000000068e-03 9.386729999999999488e-05
7.802040000000000086e-01 1.620279999999999984e-03 1.104349999999999955e-04
7.911160000000000414e-01 1.726469999999999914e-03 1.116870000000000032e-04
8.020279999999999632e-01 1.813539999999999987e-03 9.936470000000000090e-05
8.129399999999999959e-01 1.865839999999999903e-03 8.560079999999999534e-05
8.238510000000000000e-01 1.968849999999999854e-03 9.467419999999999558e-05
8.347630000000000328e-01 1.841760000000000012e-03 8.005019999999999465e-05
8.456749999999999545e-01 1.784430000000000044e-03 8.177280000000000421e-05
8.565869999999999873e-01 1.750079999999999995e-03 9.974810000000000133e-05
8.674990000000000201e-01 1.666319999999999997e-03 1.076859999999999986e-04
8.784110000000000529e-01 1.495360000000000049e-03 8.008330000000000624e-05
8.893229999999999746e-01 1.491450000000000067e-03 7.701849999999999452e-05
9.002350000000000074e-01 1.399150000000000046e-03 8.074640000000000333e-05
9.111470000000000402e-01 1.508170000000000083e-03 1.715420000000000052e-04
9.220589999999999620e-01 1.359809999999999925e-03 9.002400000000000408e-05
9.329709999999999948e-01 1.366730000000000028e-03 8.572800000000000320e-05
9.438830000000000275e-01 1.415199999999999922e-03 1.012920000000000053e-04
9.547949999999999493e-01 1.335959999999999969e-03 1.059359999999999967e-04
9.657069999999999821e-01 1.283550000000000055e-03 1.156639999999999958e-04
9.766190000000000149e-01 1.328619999999999975e-03 1.231039999999999923e-04
9.875310000000000477e-01 1.257249999999999904e-03 1.137700000000000034e-04
9.984429999999999694e-01 1.152309999999999923e-03 7.651380000000000594e-05
