3.546380000000000088e-01 3.472250000000000076e-03 4.137960000000000206e-04
3.655499999999999861e-01 3.231250000000000181e-03 3.529620000000000131e-04
3.764620000000000188e-01 2.741299999999999900e-03 3.039490000000000269e-04
3.873739999999999961e-01 2.585309999999999952e-03 2.378100000000000016e-04
3.982859999999999734e-01 2.476579999999999927e-03 2.045469999999999916e-04
4.091980000000000062e-01 2.413810000000000174e-03 1.760579999999999871e-04
4.201099999999999834e-01 2.349509999999999967e-03 1.434720000000000114e-04
4.310220000000000162e-01 2.289919999999999976e-03 1.174110000000000046e-04
4.419339999999999935e-01 2.349079999999999918e-03 1.363469999999999873e-04
4.528460000000000263e-01 2.586399999999999984e-03 1.759959999999999867e-04
4.637569999999999748e-01 3.254860000000000045e-03 2.353350000000000092e-04
4.746690000000000076e-01 3.720939999999999838e-03 2.594520000000000224e-04
4.855809999999999849e-01 3.732210000000000128e-03 2.166029999999999995e-04
4.964930000000000176e-01 3.843420000000000170e-03 2.696730000000000047e-04
5.074049999999999949e-01 3.722309999999999942e-03 2.804840000000000068e-04
5.183170000000000277e-01 3.479330000000000096e-03 2.840440000000000065e-04
5.292289999999999495e-01 3.228940000000000022e-03 2.369849999999999951e-04
5.401409999999999823e-01 3.003469999999999838e-03 1.783189999999999981e-04
5.510530000000000150e-01 2.613020000000000186e-03 1.582320000000000124e-04
5.619650000000000478e-01 2.221429999999999932e-03 1.657060000000000022e-04
5.728769999999999696e-01 2.030890000000000039e-03 1.726719999999999893e-04
5.837890000000000024e-01 1.911380000000000067e-03 1.622770000000000050e-04
5.947010000000000352e-01 1.698669999999999998e-03 1.284579999999999956e-04
6.056129999999999569e-01 1.555900000000000035e-03 1.282680000000000126e-04
6.165249999999999897e-01 1.386730000000000081e-03 1.327509999999999899e-04
6.274370000000000225e-01 1.557980000000000042e-03 1.424549999999999905e-04
6.383480000000000265e-01 1.813170000000000016e-03 1.508140000000000099e-04
6.492599999999999483e-01 2.084429999999999963e-03 1.905569999999999985e-04
6.601719999999999811e-01 2.542599999999999895e-03 2.389109999999999899e-04
6.710840000000000138e-01 2.470089999999999873e-03 2.359700000000000057e-04
6.819960000000000466e-01 2.127249999999999801e-03 1.774500000000000036e-04
6.929079999999999684e-01 1.648689999999999965e-03 1.439620000000000016e-04
7.038200000000000012e-01 1.458920000000000052e-03 1.625209999999999979e-04
7.147320000000000340e-01 1.333229999999999919e-03 1.560010000000000129e-04
7.256439999999999557e-01 1.235879999999999965e-03 1.465089999999999893e-04
7.365559999999999885e-01 1.206859999999999921e-03 1.330120000000000065e-04
7.474680000000000213e-01 1.138050000000000042e-03 1.148750000000000004e-04
7.583800000000000541e-01 1.178379999999999922e-03 1.022519999999999961e-04
7.692919999999999758e-01 1.146590000000000066e-03 1.085129999999999960e-04
7.802040000000000086e-01 1.251850000000000098e-03 8.104429999999999924e-05
7.911160000000000414e-01 1.299400000000000034e-03 1.097030000000000032e-04
8.020279999999999632e-01 1.265470000000000093e-03 1.115529999999999940e-04
8.129399999999999959e-01 1.307949999999999998e-03 9.964220000000000629e-05
8.238510000000000000e-01 1.363239999999999938e-03 1.147379999999999982e-04
8.347630000000000328e-01 1.481279999999999967e-03 1.426529999999999910e-04
8.456749999999999545e-01 1.419530000000000011e-03 1.405520000000000055e-04
8.565869999999999873e-01 1.484110000000000073e-03 1.525399999999999998e-04
8.674990000000000201e-01 1.426579999999999992e-03 1.488709999999999914e-04
8.784110000000000529e-01 1.415589999999999991e-03 1.492409999999999896e-04
8.893229999999999746e-01 1.389229999999999979e-03 1.296579999999999976e-04
9.002350000000000074e-01 1.312900000000000091e-03 1.169840000000000035e-04
9.111470000000000402e-01 1.258119999999999942e-03 1.037159999999999943e-04
9.220589999999999620e-01 1.193440000000000039e-03 9.236210000000000123e-05
9.329709999999999948e-01 1.085669999999999951e-03 8.223990000000000521e-05
9.438830000000000275e-01 1.056869999999999902e-03 8.753670000000000504e-05
9.547949999999999493e-01 1.041070000000000060e-03 8.251230000000000619e-05
9.657069999999999821e-01 9.987360000000000682e-04 8.437739999999999618e-05
9.766190000000000149e-01 9.939930000000000900e-04 8.325259999999999638e-05
9.875310000000000477e-01 9.975249999999999742e-04 7.174390000000000270e-05
9.984429999999999694e-01 1.030990000000000075e-03 7.444039999999999967e-05
